# Created by Octave 4.2.1, Mon Oct 23 15:16:25 2017 MST <cdubs@Christophers-MacBook-Pro-3.local>
# name: Y
# type: matrix
# rows: 20
# columns: 1
 2.686494726857489
 2.693823676740047
 2.702923773880022
 2.713426439495546
 2.72499587150846
 2.737410537977569
 2.75070685959099
 2.764535541271071
 2.778714551565353
 2.793088758578085
 2.807858325709511
 2.823193021444645
 2.838641240377227
 2.854172479807425
 2.869458326246743
 2.884708763868144
 2.89977840773685
 2.914469028658476
 2.928894536091566
 2.943199313284517


