# Created by Octave 4.2.1, Mon Oct 23 15:20:57 2017 MST <cdubs@Christophers-MacBook-Pro-3.local>
# name: Y
# type: matrix
# rows: 20
# columns: 1
 2.832135632772747
 2.811473737877952
 2.79548213399578
 2.783992389760495
 2.776764406185514
 2.773541976906854
 2.773979339967494
 2.777800972632241
 2.784768227150149
 2.794450938100827
 2.80703107729628
 2.822348441639111
 2.840066175412024
 2.859911446508903
 2.881599736823809
 2.904654123116639
 2.928780719515548
 2.954067572105908
 2.980353277576872
 3.007482679289764


