# Created by Octave 4.2.1, Mon Oct 23 15:25:35 2017 MST <cdubs@Christophers-MacBook-Pro-3.local>
# name: Y
# type: matrix
# rows: 20
# columns: 1
 2.734438140371047
 2.741530718155067
 2.748509476807383
 2.755342972563882
 2.762140135201075
 2.768948723739866
 2.775833895490019
 2.782762882722167
 2.789746804488027
 2.796803683875909
 2.803972403380388
 2.811277402900743
 2.818579161708001
 2.825845315171215
 2.833125981956608
 2.84045413740279
 2.84777955532588
 2.855100322029138
 2.862406696405968
 2.869649037056873


