# Created by Octave 4.2.1, Mon Oct 23 15:33:06 2017 MST <cdubs@Christophers-MacBook-Pro-3.local>
# name: Y
# type: matrix
# rows: 20
# columns: 1
 3.731439489664187
 3.578309413870591
 3.438490290331017
 3.311948289878778
 3.198541893109975
 3.098112639594382
 3.010482795361535
 2.935400991901148
 2.872553112360945
 2.821548454877819
 2.781988582898004
 2.753306796691761
 2.734759772513035
 2.725823911039354
 2.725803028907785
 2.734080231856876
 2.749856369543182
 2.77231474811766
 2.800784936628118
 2.83463901010959


