# Created by Octave 4.2.1, Mon Oct 23 16:10:59 2017 MST <cdubs@Christophers-MacBook-Pro-3.local>
# name: Y
# type: matrix
# rows: 20
# columns: 1
 2.838869951111232
 2.82996189666655
 2.822148410559762
 2.81550052767966
 2.809990690908048
 2.8056445105254
 2.802424308063811
 2.800477883297082
 2.799614969849567
 2.79985510526953
 2.80114412734327
 2.80354841547768
 2.807039578732086
 2.811548764871952
 2.817016376701925
 2.823445216496912
 2.830840329267345
 2.839180169413039
 2.848407204131057
 2.858354731904335


