# Created by Octave 4.2.1, Mon Oct 23 16:43:16 2017 MST <cdubs@Christophers-MacBook-Pro-3.local>
# name: Y
# type: matrix
# rows: 20
# columns: 1
 3.634591238243161
 3.446280319074024
 3.274784752618578
 3.122831466862814
 2.993281926473425
 2.889483191890601
 2.814291585845463
 2.769822266384498
 2.757593225154729
 2.778059939600337
 2.830497656573893
 2.913135879948371
 3.023494080543665
 3.158663154634468
 3.315603192609331
 3.49137187279472
 3.683246318539561
 3.888844857430387
 4.106090855365381
 4.333253443320112


