# Created by Octave 4.2.1, Mon Oct 23 16:47:46 2017 MST <cdubs@Christophers-MacBook-Pro-3.local>
# name: Y
# type: matrix
# rows: 20
# columns: 1
 7.230622620246883
 5.901690439592021
 4.875978357683484
 4.221622960997594
 3.634928074476551
 3.226034210756198
 2.965904673454526
 2.726160664125667
 2.700315640602357
 2.760759388332247
 2.841038276994131
 2.920702941023221
 3.000708731605869
 3.092052671826
 3.210742396601599
 3.372261742358347
 3.587451002276377
 3.862989361078163
 4.200323504885679
 4.596041128495814


