# Created by Octave 4.2.1, Mon Oct 23 16:53:49 2017 MST <cdubs@Christophers-MacBook-Pro-3.local>
# name: Y
# type: matrix
# rows: 20
# columns: 1
 2.802087226414582
 2.801345353262771
 2.801065204801797
 2.801431136605057
 2.802019294203916
 2.802202428081037
 2.802083915942932
 2.801922331574018
 2.801405733943799
 2.8006605573443
 2.800279462787133
 2.799931699024878
 2.799448605000844
 2.798927577214799
 2.798567895197195
 2.79836371105798
 2.797957221837243
 2.797509228133444
 2.797068279163379
 2.796599424680894


