# Created by Octave 4.2.1, Mon Oct 23 16:59:10 2017 MST <cdubs@Christophers-MacBook-Pro-3.local>
# name: Y
# type: matrix
# rows: 20
# columns: 1
 3.634591238243163
 3.446280319074023
 3.274784752618578
 3.122831466862816
 2.993281926473426
 2.889483191890601
 2.814291585845461
 2.769822266384496
 2.75759322515473
 2.778059939600336
 2.830497656573892
 2.913135879948373
 3.023494080543668
 3.158663154634469
 3.315603192609329
 3.491371872794722
 3.68324631853956
 3.88884485743039
 4.106090855365383
 4.33325344332011


